1.586042767585488968e+07
8.557758900028927019e+05
2.074347411909966171e+07
2.951749377534035011e+05
2.557764920308299043e+04
1.638995521434374619e+06
5.814124822855919047e+04
2.980694501420399683e+04
3.127286574716696632e+05
1.230268229525504466e+03
1.402299763338009128e+06
5.786934085536916245e+04
1.086476358264470706e+06
4.756137036086221342e+05
3.233117318370446355e+03
1.254187696177350299e+05
2.510205108020630723e+05
6.495892806762292748e+05
3.684580621860314568e+04
2.546982586777014603e+03
7.297564158855886199e+05
1.335227613605974284e+03
1.664558330669115239e+05
2.307602013095815666e+06
4.290198722633362922e+04
1.031712291906552017e+07
2.726271938892844992e+04
1.425416695156205969e+05
1.800174016738883220e+05
3.597964547383237514e+05
2.208071428884737543e+04
1.615453208270176547e+06
1.433623663266350282e+06
3.703944631338148564e+07
2.659716272545485117e+04
1.057394028143041767e+07
1.197479843525564356e+05
1.750604606264695467e+05
2.911733708604413187e+04
9.111365504731928930e+06
7.286127463388204342e+05
5.597763602431342006e+06
2.212402617121627554e+04
6.119575939045053929e+03
8.890654795943037607e+05
1.440569968663825467e+07
5.469222903890704736e+06
1.122847225403794982e+04
1.959285824489215738e+05
2.054132767998928903e+05
3.124522946144462330e+05
1.175115867881991653e+04
2.499903547060526907e+06
9.424550455728785892e+03
3.634603588291441556e+05
1.517961034198093148e+04
1.397036429593459005e+06
2.886421812569354661e+06
8.288001285045298282e+05
1.069968637721091800e+05
1.267842236967221089e+07
1.447769577098124428e+06
2.165013403319836129e+06
1.709704482240821744e+04
1.808540745514995433e+04
1.031197637446742039e+06
1.526254333451015737e+04
1.379312133927642927e+07
5.192457467673301289e+04
9.452252342592550849e+04
9.766594347230375206e+03
1.236168072827157994e+04
2.275329230576199552e+04
3.989619850261695101e+05
1.137609321317395952e+05
5.097128193170006271e+05
8.543601294280157890e+04
7.867190994746278971e+06
3.125937303357632481e+05
9.726693422414442757e+05
7.760250629553128965e+05
3.705503253482690547e+06
1.783312286997544114e+06
6.727338647178239189e+06
1.236003507711793063e+06
1.335045441456892877e+04
2.280597018571532317e+04
1.035519173721442785e+05
3.185974142610840499e+04
4.136572573683145456e+05
1.091452257975372049e+05
3.254011468724237056e+05
8.765266270273813279e+05
9.913850697758343813e+03
1.044732446044289827e+04
4.000597588576986709e+03
2.954996980424302630e+06
2.350965652059184504e+05
1.081857808666794735e+05
5.660737715002470213e+04
2.728484691731656785e+05
2.048925117218806918e+04
1.764060933094936627e+04
1.508371146737853531e+06
5.518503501632264815e+06
1.366659570309001429e+05
9.909261985574413557e+05
7.821099446122514782e+05
1.602381497448712980e+04
6.791577423187288514e+04
3.784325489809254650e+06
2.810908888978934920e+04
7.072481678235881031e+06
1.540310010785402264e+06
1.878905265435733018e+05
7.872428474572312552e+04
2.453493550177592988e+04
5.077955260017003166e+05
1.690347175766623346e+06
3.856948237690706155e+05
5.706328177275804803e+06
3.425532647511166870e+05
1.233949706716831075e+06
2.737016777865209860e+03
5.864620398533179832e+04
1.397600474259446142e+06
6.510356538987872227e+03
3.403176539057782851e+06
2.405121864038753556e+05
2.600799059114833362e+05
1.245027836008233280e+05
3.759557014578192960e+06
7.429396354063701816e+06
6.882399363895124225e+03
3.963330879740727596e+03
8.153713124217026052e+04
7.629590591812853701e+06
2.068791535501909493e+03
7.664366958013461954e+03
2.500093868786907842e+04
2.728143767629534006e+06
5.455759481502965791e+05
1.016533183700363588e+04
1.079608197400254721e+04
1.741347440572120249e+06
2.996261973951959590e+03
4.780681275658618688e+03
1.145653544546797406e+06
5.637165475420007169e+03
4.077264218291184079e+03
2.268385206306431064e+04
3.077347914525540546e+03
1.306639745063847840e+04
2.341489624141869717e+05
4.392581110388467088e+06
7.926473746401313110e+04
8.869180681313028559e+06
2.129288514504120685e+06
8.692930647768455092e+05
7.771645632369996980e+06
4.644289302297626273e+05
1.276403005760961585e+07
2.531826069505400956e+06
3.319167367048971209e+04
2.146248226890065416e+05
3.878424712794717401e+07
7.150478666992013359e+02
7.043118344769959804e+05
1.270458341244838666e+05
1.062254561294562416e+06
2.338784674330464331e+05
2.335813927300534560e+05
1.374375328158890130e+06
1.658573169493642054e+05
2.500524171498944983e+06
2.532854144249601755e+06
2.696863578884312883e+07
2.540300815103364221e+04
4.776458151507392904e+04
3.075317514306200319e+05
2.684958655369247426e+05
6.234207797677211602e+03
1.011896047351631802e+06
6.220890082791704481e+04
7.296809667518049479e+06
2.769485295618644886e+04
6.278369850177092850e+07
6.684353006741832360e+04
3.983828092445239425e+07
1.326470703050070442e+05
5.028165916220404906e+05
1.175703736881081481e+06
1.875593129378787853e+04
1.565366250466436031e+05
4.903208424440451199e+04
2.910096917761374425e+04
3.866204438684682362e+06
2.179187519150794833e+04
2.607622858879731037e+06
1.279351983430992004e+04
6.575473129711154616e+04
2.604538464547771588e+07
1.192592842325725360e+06
8.674421700902619250e+02
2.861976403597564250e+07
1.402311436458764547e+04
1.918345952940911427e+07
1.420466194502768572e+06
2.982028002372710034e+05
2.291250529715764895e+07
2.241132511276960140e+05
2.776638930659772013e+05
1.589328886249094212e+05
1.603511390850047064e+04
6.694324517992143228e+03
7.873586109537270386e+04
1.428803271242702566e+07
9.724421588534294860e+05
6.627535912093161642e+03
1.535961804427452153e+05
3.303321603066217154e+06
8.514851424235619605e+06
3.680646734743835987e+04
1.543323351041657043e+04
7.537497072966085747e+06
4.756064221104221360e+03
2.337173627696404699e+06
1.108922459107291252e+04
4.921932138722702512e+05
2.539109737744145386e+05
1.939279682302754281e+03
1.776791416775564585e+03
7.527607112099815859e+05
1.950552478602200514e+06
2.234092579046369530e+06
2.791857117346678674e+07
1.681349271801735813e+04
3.532991958203958930e+05
1.218455533485462001e+04
4.842166317534837435e+04
2.335549031905349329e+04
1.022827204878917692e+05
6.871401123649978545e+05
3.585793813529459294e+04
8.915132915799431503e+06
4.032483347240925767e+06
7.366485895873810165e+06
3.762173951103750369e+03
3.169209347124634223e+04
8.221485753685632953e+05
